    q                Pres               HL               x  zsrefInput         mt
50.000000       21462.900000       0.100000         0.000141        0.150000          0.000216
60.000000       21462.900000       0.100000         0.000171        0.150000          0.000240
70.000000       21462.900000       0.100000         0.000212        0.150000          0.000270
80.000000       21462.900000       0.100000         0.000258        0.150000          0.000301
90.000000       21462.900000       0.100000         0.000279        0.150000          0.000314
110.000000       21462.900000       0.100000         0.000357        0.150000          0.000360
120.000000       21462.900000       0.100000         0.000403        0.150000          0.000385
130.000000       21462.900000       0.100000         0.000434        0.150000          0.000401
140.000000       21462.900000       0.100000         0.000486        0.150000          0.000426
